Pesos do problema de ulysses:

0.0,7.0,14.0,21.0,28.0,35.0,42.0,49.0,56.0,0.0,56.0,0.0,56.0,0.0,56.0,0.0, &
56.0,0.0,56.0,0.0,56.0,0.0,7.0,14.0,21.0,28.0,35.0,42.0,49.0,56.0, 39.0,39.0,39.0,39.0, &
0.39,39.0,39.0,39.0,39.0,32.0,32.0,25.0,25.0,18.0,18.0,11.0,11.0,4.0,4.0,-3.0,-3.0, &
-10.0,-10.0,-10.0,-10.0,-10.0,-10.0,-10.0,-10.0,-10.0

Entradas do problema de ulysses:

38.24 20.42
39.57 26.15
40.56 25.32
36.26 23.12
33.48 10.54
37.56 12.19
38.42 13.11
37.52 20.44
41.23 9.10
41.17 13.05
36.08 -5.21
38.47 15.13
38.15 15.35
37.51 15.17
35.49 14.32
39.36 19.56

problema teste entradas:

0.1 0.1
0.2 0.8
0.7 0.7
0.8 0.0
0.9 0.8
0.4 0.9

problema teste pesos:

1.0,0.5,0.0,0.0,0.5,1.0,1.0,1.0,1.0,0.0,0.0,0.0

